{
  "asset": {
    "version": "2.0",
    "generator": "THREE.GLTFExporter"
  },
  "scenes": [
    {
      "nodes": [
        0
      ]
    }
  ],
  "scene": 0,
  "nodes": [
    {
      "children": [
        29
      ],
      "matrix": [
        0.01,
        0,
        0,
        0,
        0,
        0.01,
        0,
        0,
        0,
        0,
        0.01,
        0,
        0,
        0,
        0,
        1
      ]
    },
    {
      "matrix": [
        0.5883484054145521,
        0.39223227027636803,
        -0.7071067811865475,
        0,
        -0.554700196225229,
        0.8320502943378437,
        0,
        0,
        0.588348405414552,
        0.392232270276368,
        0.7071067811865476,
        0,
        0,
        0,
        0,
        1
      ],
      "name": "Directional Light",
      "extensions": {
        "KHR_lights_punctual": {
          "light": 0
        }
      }
    },
    {
      "matrix": [
        1,
        0,
        0,
        0,
        0,
        1,
        0,
        0,
        0,
        0,
        1,
        0,
        0.1518126160299289,
        -9.57519800297768,
        9.858829498291016,
        1
      ],
      "name": "Cube 8",
      "mesh": 0
    },
    {
      "matrix": [
        0.7763485525512299,
        0,
        0,
        0,
        0,
        0.7763485525512299,
        0,
        0,
        0,
        0,
        0.7763485525512299,
        0,
        30.831212868460057,
        24.035786071395872,
        60.60682318759192,
        1
      ],
      "name": "Sphere 5",
      "mesh": 1
    },
    {
      "matrix": [
        0.7763485525512299,
        0,
        0,
        0,
        0,
        0.7763485525512299,
        0,
        0,
        0,
        0,
        0.7763485525512299,
        0,
        -29.55642506974879,
        24.035786071395872,
        60.60682318759192,
        1
      ],
      "name": "Sphere 4",
      "mesh": 2
    },
    {
      "matrix": [
        0.2355812803604704,
        -0.10924275449640687,
        -0.06843916942897744,
        0,
        -0.12069904494915323,
        -0.23699310523734593,
        -0.0371812801916553,
        0,
        -0.045272948550466936,
        0.06337765882680957,
        -0.2570020845626983,
        0,
        -62.23176209129281,
        -26.563113327948255,
        32.58318813307472,
        1
      ],
      "name": "Cube 14",
      "mesh": 3
    },
    {
      "matrix": [
        0.23199657281872108,
        0.1197410439044327,
        0.0628976278043431,
        0,
        0.11746427204290398,
        -0.240280077160657,
        0.02416750486653664,
        0,
        0.06705351573310718,
        0.006633694499978235,
        -0.25995434042058657,
        0,
        60.878107253164444,
        -22.674007394163382,
        32.91459526352378,
        1
      ],
      "name": "Cube 13",
      "mesh": 4
    },
    {
      "matrix": [
        0.2413127218267841,
        0.11575107686538495,
        -0.02205215335113473,
        0,
        0.11746427204290184,
        -0.24028007716065253,
        0.024167504866536155,
        0,
        -0.009314185758826888,
        -0.03136258443665253,
        -0.26654469272427894,
        0,
        28.307339204540877,
        -66.41463202061453,
        22.503005186881463,
        0.9999999999999999
      ],
      "name": "Cube 12",
      "mesh": 5
    },
    {
      "matrix": [
        0.26616489293701895,
        -0.03530148582354958,
        -0.0051472171942004655,
        0,
        -0.03443740248399421,
        -0.26436079961762926,
        0.03230900670171873,
        0,
        -0.009314185758826365,
        -0.031362584436650916,
        -0.26654469272426495,
        0,
        -29.902360630516796,
        -66.21936876276371,
        24.162510804772015,
        1.0000000000000002
      ],
      "name": "Cube 12",
      "mesh": 6
    },
    {
      "matrix": [
        0.26174730286049963,
        0.7600776885448837,
        -0.34740203316132223,
        0,
        -0.6370320693429458,
        0.3684840314758182,
        0.6304282020276762,
        0,
        0.7168291155062914,
        0.052586864917462416,
        0.6905448093908042,
        0,
        0.5195907537668005,
        15.390564616556409,
        65.02516762401478,
        1.0000000000000002
      ],
      "name": "Cube 10",
      "mesh": 7
    },
    {
      "matrix": [
        0.7848083474806229,
        0.5869136619524338,
        0.199018117613224,
        0,
        -0.5625129557629363,
        0.53983083467435,
        0.6262282687116921,
        0,
        0.2601058098612476,
        -0.6034194423022659,
        0.7538102840423753,
        0,
        -1.4018554875360592,
        60.95295198904587,
        25.990568499959576,
        1
      ],
      "name": "Cube 9",
      "mesh": 8
    },
    {
      "matrix": [
        0.954303872031502,
        -0.01846856112211022,
        0.2982667129864826,
        0,
        0.044916956041089286,
        0.9956143941594843,
        -0.08206366554353783,
        0,
        -0.2954430349249831,
        0.09171090661703055,
        0.9509482229447599,
        0,
        55.18175995559352,
        3.612554942230446,
        219.636193855069,
        1
      ],
      "name": "Little",
      "children": [
        2,
        3,
        4,
        5,
        6,
        7,
        8,
        9,
        10
      ]
    },
    {
      "matrix": [
        0.9962450150458735,
        0.0865786925071376,
        0,
        0,
        -0.08657869250713765,
        0.9962450150458744,
        0,
        0,
        0,
        0,
        0.9999999999999991,
        0,
        -19.443216626611235,
        -31.19516951105497,
        -23.26703714623658,
        1
      ],
      "name": "Body",
      "mesh": 9
    },
    {
      "matrix": [
        0.9962450150458744,
        0.08450071792569583,
        0.018854672266774775,
        0,
        -0.08450071792569583,
        0.996423098729795,
        -0.0007981151265440737,
        0,
        -0.018854672266774786,
        -0.0007981151265439349,
        0.9998219163160796,
        0,
        -24.801340382378395,
        21.54187430729087,
        0.38842472964307717,
        1
      ],
      "name": "Cylinder",
      "mesh": 10
    },
    {
      "matrix": [
        -0.5866479740014859,
        0.8097750605561841,
        -0.010416616590293878,
        0,
        -0.8096225391709853,
        -0.5867399034610499,
        -0.01573625599860151,
        0,
        -0.018854672266774793,
        -0.000798115126543955,
        0.9998219163160796,
        0,
        -47.51324550774443,
        17.38267941396971,
        0.003491193067191034,
        1
      ],
      "name": "Torus 2",
      "mesh": 11
    },
    {
      "matrix": [
        -0.5866479740014859,
        0.8097750605561841,
        -0.010416616590293878,
        0,
        -0.8096225391709853,
        -0.5867399034610499,
        -0.01573625599860151,
        0,
        -0.018854672266774793,
        -0.000798115126543955,
        0.9998219163160796,
        0,
        -1.8851822996515217,
        20.986797775337394,
        0.8668236178241955,
        1
      ],
      "name": "Torus",
      "mesh": 12
    },
    {
      "matrix": [
        0.5118423925025088,
        0,
        0,
        0,
        0,
        0.49955766689017644,
        -0.11146646228321216,
        0,
        0,
        0.11146646228321216,
        0.49955766689017644,
        0,
        -14.17953023096766,
        77.12351649664619,
        147.57557586463204,
        1
      ],
      "name": "Group",
      "children": [
        13,
        14,
        15
      ]
    },
    {
      "matrix": [
        0.9962450150458744,
        0.08657869250713765,
        0,
        0,
        -0.08657869250713765,
        0.9962450150458744,
        0,
        0,
        0,
        0,
        1,
        0,
        51.11212549274788,
        82.7237377520744,
        117.2086032965697,
        1
      ],
      "name": "Sphere 3",
      "mesh": 13
    },
    {
      "matrix": [
        0.9962450150458744,
        0.08657869250713765,
        0,
        0,
        -0.08657869250713765,
        0.9962450150458744,
        0,
        0,
        0,
        0,
        1,
        0,
        -112.81547570642955,
        68.47760636540669,
        117.2086032965697,
        1
      ],
      "name": "Sphere 2",
      "mesh": 14
    },
    {
      "matrix": [
        -1,
        1.2246467991473532e-16,
        1.4997597826618576e-32,
        0,
        1.2246467991473532e-16,
        1,
        1.2246467991473532e-16,
        0,
        0,
        1.2246467991473532e-16,
        -1,
        0,
        -8.101899077546197,
        -165.4487623228374,
        -186.90937749115852,
        1
      ],
      "name": "Sphere",
      "mesh": 15
    },
    {
      "matrix": [
        0.7875547938049794,
        0.012551386597134815,
        -0.12380321234532426,
        0,
        0.12443782661446677,
        -0.07943649413050712,
        0.7835383823690157,
        0,
        -2.2355938876199828e-17,
        -0.7932588682343679,
        -0.08042197401989555,
        0,
        107.52999874865341,
        -78.29405723906413,
        146.63535527303696,
        1
      ],
      "name": "Cube 5",
      "mesh": 16
    },
    {
      "matrix": [
        0.7164708425696236,
        0.34367136113782243,
        -0.06547406523930879,
        0,
        0.3487579325503434,
        -0.7134048633356347,
        0.07175466110303824,
        0,
        -0.02765433362964949,
        -0.0931172510358521,
        -0.7913859623020868,
        0,
        71.21027672135122,
        -197.72351381026996,
        36.9593615486386,
        1
      ],
      "name": "Cube 7",
      "mesh": 17
    },
    {
      "matrix": [
        0.7902583156884901,
        -0.10481206751342889,
        -0.015282373063881808,
        0,
        -0.10224655619825691,
        -0.7849018626559608,
        0.09592723118337786,
        0,
        -0.027654333629647948,
        -0.09311725103584745,
        -0.7913859623020476,
        0,
        -101.6175475675199,
        -197.14376637790835,
        41.88652568361739,
        1
      ],
      "name": "Cube 6",
      "mesh": 18
    },
    {
      "matrix": [
        0.7334907377427462,
        0.031530296063258384,
        -0.31100563341117793,
        0,
        0.3125998457826345,
        -0.07398333822841593,
        0.7297500448913931,
        0,
        -2.153409518086041e-16,
        -0.7932588682343648,
        -0.08042197401989566,
        0,
        -30.167888570563406,
        -83.07116522036718,
        168.1624814083023,
        1
      ],
      "name": "Cube 4",
      "mesh": 19
    },
    {
      "matrix": [
        0.8547133864038752,
        -0.36045244341999894,
        0,
        0,
        0.360452443419999,
        0.8547133864038751,
        0,
        0,
        0,
        0,
        0.9276103367607703,
        0,
        54.55239656382777,
        225.35808295393645,
        3.4192181354711186,
        1
      ],
      "name": "Cube 3",
      "mesh": 20
    },
    {
      "matrix": [
        0.8680965331419681,
        0.32690877322629713,
        0,
        0,
        -0.3269087732262971,
        0.8680965331419679,
        0,
        0,
        0,
        0,
        0.9276103367607703,
        0,
        -120.67819437965844,
        212.0167656075593,
        -3.714089247733482,
        1
      ],
      "name": "Cube 2",
      "mesh": 21
    },
    {
      "matrix": [
        1,
        0,
        0,
        0,
        0,
        1,
        0,
        0,
        0,
        0,
        1,
        0,
        1.101899077546193,
        11.408146833160117,
        23.190426733168877,
        1
      ],
      "name": "Big",
      "children": [
        12,
        16,
        17,
        18,
        19,
        20,
        21,
        22,
        23,
        24,
        25
      ]
    },
    {
      "matrix": [
        0.9995798637237349,
        0,
        0.028984410258613705,
        0,
        0.005213137146742066,
        0.9836922112781683,
        -0.17978447283276924,
        0,
        -0.02851173861988934,
        0.1798600385596186,
        0.9832789264955308,
        0,
        -28.511738619889375,
        179.8600385596188,
        983.2789264955322,
        1
      ],
      "camera": 0
    },
    {
      "matrix": [
        1,
        0,
        0,
        0,
        0,
        1,
        0,
        0,
        0,
        0,
        1,
        0,
        0,
        1,
        0,
        1
      ],
      "name": "Default Ambient Light"
    },
    {
      "name": "Scene",
      "children": [
        1,
        11,
        26,
        27,
        28
      ]
    }
  ],
  "extensions": {
    "KHR_lights_punctual": {
      "lights": [
        {
          "name": "Directional Light",
          "color": [
            1,
            1,
            1
          ],
          "intensity": 0.7,
          "type": "directional"
        }
      ]
    }
  },
  "bufferViews": [
    {
      "buffer": 0,
      "byteOffset": 0,
      "byteLength": 165888,
      "target": 34962,
      "byteStride": 12
    },
    {
      "buffer": 0,
      "byteOffset": 165888,
      "byteLength": 165888,
      "target": 34962,
      "byteStride": 12
    },
    {
      "buffer": 0,
      "byteOffset": 331776,
      "byteLength": 82944,
      "target": 34963
    },
    {
      "buffer": 0,
      "byteOffset": 414720,
      "byteLength": 50700,
      "target": 34962,
      "byteStride": 12
    },
    {
      "buffer": 0,
      "byteOffset": 465420,
      "byteLength": 50700,
      "target": 34962,
      "byteStride": 12
    },
    {
      "buffer": 0,
      "byteOffset": 516120,
      "byteLength": 33800,
      "target": 34962,
      "byteStride": 8
    },
    {
      "buffer": 0,
      "byteOffset": 549920,
      "byteLength": 48384,
      "target": 34963
    },
    {
      "buffer": 0,
      "byteOffset": 598304,
      "byteLength": 50700,
      "target": 34962,
      "byteStride": 12
    },
    {
      "buffer": 0,
      "byteOffset": 649004,
      "byteLength": 50700,
      "target": 34962,
      "byteStride": 12
    },
    {
      "buffer": 0,
      "byteOffset": 699704,
      "byteLength": 33800,
      "target": 34962,
      "byteStride": 8
    },
    {
      "buffer": 0,
      "byteOffset": 733504,
      "byteLength": 48384,
      "target": 34963
    },
    {
      "buffer": 0,
      "byteOffset": 781888,
      "byteLength": 10752,
      "target": 34962,
      "byteStride": 12
    },
    {
      "buffer": 0,
      "byteOffset": 792640,
      "byteLength": 10752,
      "target": 34962,
      "byteStride": 12
    },
    {
      "buffer": 0,
      "byteOffset": 803392,
      "byteLength": 5376,
      "target": 34963
    },
    {
      "buffer": 0,
      "byteOffset": 808768,
      "byteLength": 10752,
      "target": 34962,
      "byteStride": 12
    },
    {
      "buffer": 0,
      "byteOffset": 819520,
      "byteLength": 10752,
      "target": 34962,
      "byteStride": 12
    },
    {
      "buffer": 0,
      "byteOffset": 830272,
      "byteLength": 5376,
      "target": 34963
    },
    {
      "buffer": 0,
      "byteOffset": 835648,
      "byteLength": 10752,
      "target": 34962,
      "byteStride": 12
    },
    {
      "buffer": 0,
      "byteOffset": 846400,
      "byteLength": 10752,
      "target": 34962,
      "byteStride": 12
    },
    {
      "buffer": 0,
      "byteOffset": 857152,
      "byteLength": 5376,
      "target": 34963
    },
    {
      "buffer": 0,
      "byteOffset": 862528,
      "byteLength": 10752,
      "target": 34962,
      "byteStride": 12
    },
    {
      "buffer": 0,
      "byteOffset": 873280,
      "byteLength": 10752,
      "target": 34962,
      "byteStride": 12
    },
    {
      "buffer": 0,
      "byteOffset": 884032,
      "byteLength": 5376,
      "target": 34963
    },
    {
      "buffer": 0,
      "byteOffset": 889408,
      "byteLength": 10752,
      "target": 34962,
      "byteStride": 12
    },
    {
      "buffer": 0,
      "byteOffset": 900160,
      "byteLength": 10752,
      "target": 34962,
      "byteStride": 12
    },
    {
      "buffer": 0,
      "byteOffset": 910912,
      "byteLength": 5376,
      "target": 34963
    },
    {
      "buffer": 0,
      "byteOffset": 916288,
      "byteLength": 10752,
      "target": 34962,
      "byteStride": 12
    },
    {
      "buffer": 0,
      "byteOffset": 927040,
      "byteLength": 10752,
      "target": 34962,
      "byteStride": 12
    },
    {
      "buffer": 0,
      "byteOffset": 937792,
      "byteLength": 5376,
      "target": 34963
    },
    {
      "buffer": 0,
      "byteOffset": 943168,
      "byteLength": 122880,
      "target": 34962,
      "byteStride": 12
    },
    {
      "buffer": 0,
      "byteOffset": 1066048,
      "byteLength": 122880,
      "target": 34962,
      "byteStride": 12
    },
    {
      "buffer": 0,
      "byteOffset": 1188928,
      "byteLength": 61440,
      "target": 34963
    },
    {
      "buffer": 0,
      "byteOffset": 1250368,
      "byteLength": 18720,
      "target": 34962,
      "byteStride": 12
    },
    {
      "buffer": 0,
      "byteOffset": 1269088,
      "byteLength": 18720,
      "target": 34962,
      "byteStride": 12
    },
    {
      "buffer": 0,
      "byteOffset": 1287808,
      "byteLength": 12480,
      "target": 34962,
      "byteStride": 8
    },
    {
      "buffer": 0,
      "byteOffset": 1300288,
      "byteLength": 17280,
      "target": 34963
    },
    {
      "buffer": 0,
      "byteOffset": 1317568,
      "byteLength": 15444,
      "target": 34962,
      "byteStride": 12
    },
    {
      "buffer": 0,
      "byteOffset": 1333012,
      "byteLength": 15444,
      "target": 34962,
      "byteStride": 12
    },
    {
      "buffer": 0,
      "byteOffset": 1348456,
      "byteLength": 10296,
      "target": 34962,
      "byteStride": 8
    },
    {
      "buffer": 0,
      "byteOffset": 1358752,
      "byteLength": 14208,
      "target": 34963
    },
    {
      "buffer": 0,
      "byteOffset": 1372960,
      "byteLength": 15444,
      "target": 34962,
      "byteStride": 12
    },
    {
      "buffer": 0,
      "byteOffset": 1388404,
      "byteLength": 15444,
      "target": 34962,
      "byteStride": 12
    },
    {
      "buffer": 0,
      "byteOffset": 1403848,
      "byteLength": 10296,
      "target": 34962,
      "byteStride": 8
    },
    {
      "buffer": 0,
      "byteOffset": 1414144,
      "byteLength": 14208,
      "target": 34963
    },
    {
      "buffer": 0,
      "byteOffset": 1428352,
      "byteLength": 50700,
      "target": 34962,
      "byteStride": 12
    },
    {
      "buffer": 0,
      "byteOffset": 1479052,
      "byteLength": 50700,
      "target": 34962,
      "byteStride": 12
    },
    {
      "buffer": 0,
      "byteOffset": 1529752,
      "byteLength": 33800,
      "target": 34962,
      "byteStride": 8
    },
    {
      "buffer": 0,
      "byteOffset": 1563552,
      "byteLength": 48384,
      "target": 34963
    },
    {
      "buffer": 0,
      "byteOffset": 1611936,
      "byteLength": 50700,
      "target": 34962,
      "byteStride": 12
    },
    {
      "buffer": 0,
      "byteOffset": 1662636,
      "byteLength": 50700,
      "target": 34962,
      "byteStride": 12
    },
    {
      "buffer": 0,
      "byteOffset": 1713336,
      "byteLength": 33800,
      "target": 34962,
      "byteStride": 8
    },
    {
      "buffer": 0,
      "byteOffset": 1747136,
      "byteLength": 48384,
      "target": 34963
    },
    {
      "buffer": 0,
      "byteOffset": 1795520,
      "byteLength": 50700,
      "target": 34962,
      "byteStride": 12
    },
    {
      "buffer": 0,
      "byteOffset": 1846220,
      "byteLength": 50700,
      "target": 34962,
      "byteStride": 12
    },
    {
      "buffer": 0,
      "byteOffset": 1896920,
      "byteLength": 33800,
      "target": 34962,
      "byteStride": 8
    },
    {
      "buffer": 0,
      "byteOffset": 1930720,
      "byteLength": 48384,
      "target": 34963
    },
    {
      "buffer": 0,
      "byteOffset": 1979104,
      "byteLength": 43008,
      "target": 34962,
      "byteStride": 12
    },
    {
      "buffer": 0,
      "byteOffset": 2022112,
      "byteLength": 43008,
      "target": 34962,
      "byteStride": 12
    },
    {
      "buffer": 0,
      "byteOffset": 2065120,
      "byteLength": 21504,
      "target": 34963
    },
    {
      "buffer": 0,
      "byteOffset": 2086624,
      "byteLength": 43008,
      "target": 34962,
      "byteStride": 12
    },
    {
      "buffer": 0,
      "byteOffset": 2129632,
      "byteLength": 43008,
      "target": 34962,
      "byteStride": 12
    },
    {
      "buffer": 0,
      "byteOffset": 2172640,
      "byteLength": 21504,
      "target": 34963
    },
    {
      "buffer": 0,
      "byteOffset": 2194144,
      "byteLength": 43008,
      "target": 34962,
      "byteStride": 12
    },
    {
      "buffer": 0,
      "byteOffset": 2237152,
      "byteLength": 43008,
      "target": 34962,
      "byteStride": 12
    },
    {
      "buffer": 0,
      "byteOffset": 2280160,
      "byteLength": 21504,
      "target": 34963
    },
    {
      "buffer": 0,
      "byteOffset": 2301664,
      "byteLength": 43008,
      "target": 34962,
      "byteStride": 12
    },
    {
      "buffer": 0,
      "byteOffset": 2344672,
      "byteLength": 43008,
      "target": 34962,
      "byteStride": 12
    },
    {
      "buffer": 0,
      "byteOffset": 2387680,
      "byteLength": 21504,
      "target": 34963
    },
    {
      "buffer": 0,
      "byteOffset": 2409184,
      "byteLength": 10752,
      "target": 34962,
      "byteStride": 12
    },
    {
      "buffer": 0,
      "byteOffset": 2419936,
      "byteLength": 10752,
      "target": 34962,
      "byteStride": 12
    },
    {
      "buffer": 0,
      "byteOffset": 2430688,
      "byteLength": 5376,
      "target": 34963
    },
    {
      "buffer": 0,
      "byteOffset": 2436064,
      "byteLength": 10752,
      "target": 34962,
      "byteStride": 12
    },
    {
      "buffer": 0,
      "byteOffset": 2446816,
      "byteLength": 10752,
      "target": 34962,
      "byteStride": 12
    },
    {
      "buffer": 0,
      "byteOffset": 2457568,
      "byteLength": 5376,
      "target": 34963
    }
  ],
  "buffers": [
    {
      "byteLength": 2462944,
